6648
902
4102
39256
69772
757
71
12559
19
209
2121
21865
3563
78
332
25
54
710
53703
6187
11732
47766
430
1789
4490
142
315
40
6222
888
34792
9525
82415
81
9922
2240
78
14339
9744
85
995
19726
6015
742
481
1790
6619
2204
11674
92425
97929
391
84
6850
2499
766
922
4276
868
979
551
843
387
29
80948
4196
47
415
86348
3030
36803
3940
361
155
92306
1215
834
32
77
532
5780
52303
315
9929
4127
242
447
1649
74338
570
175
66
113
33
697
79169
25004
9922
1950
7699
672
9825
547
33
3918
98185
2432
5801
41
551
462
5314
75321
299
19277
775
84065
46
7383
5534
32
92
2231
930
329
83
10
94
8110
1654
71
23
29795
238
9416
89
66
112
75
26752
23
20136
62825
5214
44210
549
2026
35
33929
21
3440
673
17
59871
32
3731
7211
8825
522
88150
7120
207
31103
9340
207
73
957
9311
1769
57
62
750
14
1406
70
33968
57
80070
81082
5859
422
100
4368
7759
9740
328
936
11
531
80852
76
36082
226
76
786
42338
363
4686
68724
169
22
160
200
54
77708
691
199
5593
75873
872
33451
5561
686
239
4221
64
33
29446
55
67
533
1253
4064
74
110
3198
4253
14725
900
13910
67
8771
6517
92208
92
52
319
3818
1431
1550
3946
5583
248
39
53763
5306
37570
685
67954
79098
52317
62
73
9493
7801
69
270
54
9687
6748
6816
77
8535
27
7518
38565
207
2398
39331
94825
195
7546
29
75347
91744
4418
3201
6988
33
364
98
167
797
202
3465
25
846
50382
22
924
68405
40849
197
1726
6372
803
32636
106
25
42
834
244
41
52
90
2622
362
2476
273
130
798
57880
56
11
835
712
15633
702
75
510
55
5079
66
97
57
46
20
72535
8065
70
21533
4370
631
980
44089
95637
9111
38317
7664
74514
519
9002
448
97
278
497
157
16980
43
59394
6988
46581
68842
83
7430
80
184
46536
543
627
81995
78
576
408
86
318
5288
2674
14152
9451
13
518
798
31
2983
92
17804
80
280
77885
640
19674
94
48
68
77
683
82
99936
158
12275
943
93505
51362
74114
39
73
7440
56
27996
491
6411
418
1859
15691
288
30
46
68
66
2575
825
28869
61382
46584
1980
46396
57
29
172
6729
563
584
27
175
83
5033
22522
2874
13945
35
1712
24115
64111
624
90388
24749
76639
480
538
7131
4108
80543
80429
4578
194
94522
88852
42720
77
25010
7683
957
10843
29
176
11620
8144
13591
660
203
7178
574
94
90
462
5592
21
46847
849
4997
2170
31372
4037
702
85579
40
689
323
7512
41
30524
2081
68286
4467
996
31
72913
404
70
999
8980
555
3239
957
80097
2865
1666
36
3279
149
8304
69595
753
829
668
745
3074
51
9580
12203
50
27
403
4767
313
944
116
28
489
160
80
26
1851
961
4705
5086
50088
8551
67307
4515
95205
15
9114
3075
18278
802
61318
1768
91
2297
46
47429
33
70252
1830
95
2527
538
4667
58
44
30
94602
1254
146
65
345
422
20491
93619
9193
16
81
34
2050
47141
633
52
179
11481
59798
27630
96
49192
68069
7772
880
71
68464
60
677
84
832
2250
220
90642
240
772
8480
48711
1011
39
23
42
75
3436
6851
503
84
8162
508
97
7572
26
1450
84
99078
41075
49598
3954
32
779
393
194
3541
3936
96
2443
81
86089
245
685
67
70302
6306
182
56
46
403
249
7282
4282
409
39
11
182
420
21
98
21
54523
72218
141
8406
65530
38112
29937
8255
343
17
4213
11
548
6999
8770
49542
67716
568
3684
2200
54142
20
78
7528
409
53
82
59
71320
549
47434
209
84
75817
951
627
51783
62
2220
5234
52
7297
5978
47411
30237
4276
5231
66
72211
6332
15453
962
529
97
5434
4599
90
5746
7128
74978
13822
1739
4934
612
638
100
68412
81
53
96002
722
290
338
2018
46161
72014
5760
2994
5049
254
487
93
44459
692
787
3952
69389
353
65885
34
30781
497
717
9397
46
49
44
33
3419
77
51063
57631
116
17
41714
76660
75848
253
86581
62554
73377
40
408
98317
5135
8296
78
52
18
977
42
24355
6834
303
8016
769
68
7841
82
679
4231
954
73
26
55
10
123
187
2137
150
657
73375
9455
14
808
34294
965
68
913
797
2406
138
38557
54382
9522
31
67
608
156
77530
376
58165
844
52384
7606
414
38
62
62
98
2709
3826
72
3834
2307
80850
4245
9276
6596
21430
95
962
92586
1754
3541
41306
413
928
7165
22997
517
74066
672
91
86737
4556
34
7027
77
58
1189
8645
89
5197
513
807
8368
69411
14840
174
4594
9478
9469
68814
13
20
8953
333
593
71
36
77
30
1672
9318
840
90
84589
90
420
390
392
7139
888
52
90735
4892
1508
89017
21
490
79042
32
647
21
27
82302
58012
59
95443
331
76
166
322
76
4830
76106
945
61
86973
8695
4611
29454
76
87
5528
35
92
7784
457
98374
5557
13130
7600
112
16105
48
41400
96838
36
46744
821
92915
606
2226
845
45710
82386
87681
578
66
27310
41
6142
296
22
65
6610
525
377
891
98690
4700
605
580
56
7993
4399
15
21
7383
6156
6044
26
32877
93253
58
67
572
6965
36595
5048
587
27063
91
235
61074
52902
5246
73
30722
63
24889
8173
537
59
59
7546
14
2828
58081
546
933
96
7676
19569
148
7636
42482
891
25462
506
48
60
7199
8102
39
71847
1456
49557
694
55
931
1208
825
784
299
6088
2843
991
227
95787
1769
7079
1654
75817
473
1964
7262
143
42
6108
6536
734
60724
5861
13
69184
7063
5920
7145
6782
41
9649
73227
200
46
99
66
42
91
88030
49004
74
85
90
42127
97
1953
58698
4233
5032
9277
97
6467
72267
8952
8916
71
40992
97902
64
999
854
9111
50869
82342
76243
80
7628
1300
91082
266
790
48
39222
12891
35353
8272
13
8211
894
6164
23
3475
953
28
126
788
46
9582
87204
1880
3386
27
422
2768
100
200
38680
332
69074
74901
426
78798
378
18
153
55188
2294
41509
105
81651
94
9637
4522
52
3478
6806
71
14
25
425
4101
27982
851
8814
9717
9735
49708
81001
766
86
94
824
719
691
90
1693
7440
58
11
80
34207
99
69138
56
50541
192
72
80576
899
47225
78
896
61
133
44
471
46265
686
9050
9977
82031
4980
29
37026
211
9373
11
83
34
934
8808
7706
79930
1534
5103
690
1738
10508
6515
599
5863
5339
43185
21467
6701
330
58842
94677
1000
46
389
31565
85
5919
89
2362
10
16
574
43
8365
50
681
8495
17
281
58
9383
31
85
92642
13336
151
5793
8664
96
748
658
352
33529
65
93
120
776
903
19065
29
56
669
79
649
832
1607
8235
429
682
483
2508
2480
52553
28977
3437
651
8316
98092
97
3841
566
33680
38275
3003
549
313
1695
41
371
20
297
43443
66
949
519
22
58
893
53
40
13
6382
99
65
90
37854
78364
49
4910
44
66
93
74816
29
77
16395
80620
8832
1692
64
5462
1149
68
45
58
10
26
66
1682
51
6905
46
805
88
4218
12
780
65780
39951
815
526
89
745
5479
187
162
54
36289
1080
15758
60389
7373
53
5701
269
764
71
3255
635
7096
407
587
89
90069
376
244
18763
33
19
99
44109
75606
3930
32564
21
972
9654
46230
884
143
47
3232
6258
245
3064
7315
3072
188
1048
58269
18
19
77
60222
45802
98
1155
29
53125
42454
9550
76
220
86796
66317
83
2860
81467
19
2926
345
620
8629
4580
4202
68647
16161
89626
40
72914
35
8480
6227
98948
3070
12
50
812
33194
845
78
4907
9803
29
444
49
4325
509
21079
31
5919
407
236
65280
985
63966
3218
50
36115
460
217
21
81694
7267
566
5876
84
6416
78767
8599
214
771
936
86
489
23992
988
72213
154
96545
29
4075
7780
50599
637
98
919
46100
31239
74
8672
88
9500
894
56
45123
33736
87
82
4817
1624
5561
25198
96
44775
8763
520
6995
84
995
11
1898
83153
34317
7559
30
202
14820
22441
3143
34
530
764
86
981
12118
57
678
14
4381
6607
90
135
19
9051
29
7830
34
37752
91
474
3181
71
196
173
62
71
170
8703
2696
8247
857
59
20
10604
80651
679
679
75326
927
9771
34
40131
983
6811
914
68
711
890
90809
1499
1367
477
85
14
100
82
878
1878
26
20
327
28
996
22467
8442
64
48
43
98
561
261
68630
7162
38062
6323
3950
97
627
78
65
64
31381
70
13793
17
533
6849
862
8734
345
95603
62
83376
77
5830
71211
57
78
12
264
768
7921
6652
72
51570
29825
57153
89641
35
93965
131
652
90033
947
609
9781
62
860
428
40
91449
417
30
212
624
45109
1214
956
8236
9123
37208
34286
75
915
6682
57
11
23
192
39037
585
14
76
68889
100
59
1185
67
24
956
1184
48270
385
51
78408
18571
77
1848
461
495
13690
19306
644
56788
52
5700
6595
95
31
780
768
26255
96077
5648
418
84091
90
65652
70
380
48
3696
89297
61
81480
11
60
44645
61
1316
96
5036
24
77921
45
14
868
89374
56469
65477
66256
32122
99385
4475
798
867
35
658
21942
30
38
86
958
93
6064
30
5291
9304
6815
3225
979
62
9021
469
47
2610
63917
30
8860
178
80
461
7222
856
92
22365
81782
35780
251
24
8362
34
65495
46
2248
667
98157
24
8649
14
86
90686
454
75116
70936
32
6878
311
608
5101
8659
1111
100
31
282
18
3553
19
99
83131
84601
78320
86005
6627
80210
798
959
811
919
82071
7688
89
47
9583
25
57
461
13754
66
76
3206
25098
26542
27
586
8534
52
632
2459
64448
4825
4980
96312
82
739
59
51706
76860
258
29413
9113
958
8777
464
38486
648
19
8156
58741
3904
83
6067
84
6935
40045
89
70
8255
389
7167
896
60
288
37723
78584
41541
418
366
68149
3429
53050
6457
1352
81867
88
8739
2366
15
2800
8377
821
224
42530
92
1422
58
530
706
661
959
72
887
8551
4417
41
5859
594
36438
97896
78
5188
5719
9358
86
86
5215
4913
76
37
86
997
968
551
343
659
444
698
10
6937
9455
39
25
40
475
3016
991
89
494
596
3229
53
8293
488
43863
82262
52
784
83
70052
82
7775
77682
420
4961
364
50089
944
801
2816
35
9590
55
91662
1492
54
7709
137
97
43467
30
93
657
695
19075
34965
81011
115
246
52865
4622
14425
56
94853
80
68
48
62
6170
9205
3126
69
12
1678
14
7070
78089
92931
25548
70
7023
330
317
7520
82349
1079
90362
1291
34556
77
410
1815
100
6047
58
475
4549
63906
59
264
805
62
3783
478
948
36
6557
214
4056
7224
4612
255
86550
285
3653
80822
24
389
16
83
714
504
821
333
433
69
5361
335
783
3544
421
83
36397
11084
62
39
22643
5060
178
357
6483
1396
36
462
319
12
15837
53279
484
7637
53012
479
5944
67065
5088
79
3865
79695
52
7199
8035
530
1583
7509
3824
25
35789
921
515
42003
72431
26313
7714
5916
91783
92
16
250
77
77
98
95
222
21
522
870
73
2386
94
10
3264
13
9293
998
300
780
415
84376
100
89623
222
670
908
2428
3296
98
45946
27
25068
2015
37
2668
86
3866
138
17
37753
5894
88825
95
7903
60
93
5401
11352
3166
36
1857
8604
93988
815
346
67
15
1018
22
79129
70
6940
202
95279
7158
4531
76809
7283
57528
821
4713
620
8567
52074
67
974
67366
5807
9776
85
766
34
5141
239
56
8410
96
362
1457
4949
14328
824
10010
777
49110
7166
9597
44
101
596
284
36106
38
3523
32761
565
74918
65
809
71144
57
431
339
637
29720
1811
66732
17
8372
83
2902
970
2348
16
89464
61
1595
24237
10
168
9994
71740
1844
668
93
30840
85793
3649
69
565
35
150
247
52
59
2268
25
299
790
707
77
869
9178
576
744
4522
42
987
5945
270
33
69562
73
356
51
8158
14
345
9075
575
26140
8412
1170
57
9839
857
7318
531
73
8116
10218
98
1118
825
75
26
92
15
61
13743
830
47824
2691
39612
64
99021
36
793
50
76963
458
515
40936
74
4231
252
92
3184
168
8545
335
54224
69
3576
100
63712
597
16024
469
72795
3971
27516
51
116
354
633
571
6800
69060
45
94634
6817
92336
24
25158
3165
28
51
9421
570
439
67
74704
88709
92575
43
6481
439
6458
58
90
15
619
7827
73664
4045
3264
583
56980
56483
7459
188
63909
6223
6027
3718
961
23
380
328
86
10517
59
27
6422
813
76347
356
1134
1610
14
28002
3716
89982
979
36
95561
886
6237
58220
415
89718
60
92
75580
299
2509
991
44
637
23463
865
3457
40
71
75825
9501
50
33
21
201
44
345
36
85
51
786
265
8822
19
92575
3764
67767
14
10
48
82297
7679
74801
42666
71390
52623
2499
463
612
7713
313
6725
5318
78081
19950
4111
6482
383
89341
36394
46
428
961
116
34841
151
23141
864
237
15242
13
93
74616
527
81
62
59232
1215
416
25838
6287
310
57
68
37763
736
297
44
58
38252
96767
837
71
26591
46
89352
98305
5634
1365
519
911
72552
73
63852
10142
7123
96502
75
58874
31
7110
26710
753
166
30
602
5096
1342
70539
328
87
6729
39
605
7875
85
5428
30
81
2785
15
71
9571
66705
537
56809
281
89702
48
894
7896
787
6701
862
744
459
78104
11465
577
417
11
23456
48
6166
87003
64
59
64
95
227
6395
80
47
540
285
83414
428
87479
796
232
714
623
2279
97223
59075
2753
685
615
38092
68
50
958
18
710
45
85319
243
100
869
6524
88
22
337
31
45671
6580
543
91
6503
33
623
9166
530
33356
27066
49
74
5458
742
3233
36
34770
32284
2098
5310
624
2962
233
44
2374
3263
6186
498
969
74605
816
39640
28
85564
48427
1967
42
37
3372
14
339
43982
43633
429
36
71987
99416
11
60340
66
95112
716
2640
10171
42
7038
21
47615
96060
2537
944
949
465
417
88
55
9416
305
33
585
191
2107
49
24
452
26591
2331
24
78
22
66
3058
499
1367
25
81326
7141
386
274
479
6267
174
99
480
41
7816
401
86
677
14
886
81691
83391
6025
16
96
954
18
35
6495
71388
63
1897
137
84
71
28769
36
331
88573
2101
172
98660
7034
695
6596
47
15
93167
191
35879
476
54507
36787
21099
2960
8005
12689
6638
32
96266
56
11
32
76170
1843
16
8011
6895
3731
22520
161
40
3520
646
87563
41
3598
29
248
22870
57
811
94
430
4965
23
90358
4779
7197
56795
314
28284
31
240
47136
27
755
80
87
41102
14
88
593
9769
4775
352
20
8356
43834
2855
351
98
87
34603
751
81
13184
5975
606
930
3590
56829
6704
211
865
76
36783
39164
57338
34255
2278
217
150
83
43728
60
341
511
6375
86
47
61
81659
2558
37
54529
18127
41
39686
6111
77
9488
988
75524
29
9503
260
37423
764
393
50002
502
1964
7592
27116
9104
5016
95
28028
80
71
5375
87031
8449
546
3727
32390
95052
67244
9157
74855
73399
283
338
45864
725
821
82
336
100
86
84374
320
98
66
61655
52
30
10167
47
255
7288
1183
44307
15198
82889
604
4764
75675
35027
6266
799
41440
31
77114
50660
55
92
83
4247
426
8805
6219
539
7458
2534
85560
14
8494
5781
48
27850
21852
65299
24325
62046
7262
99
66
259
477
4918
5414
622
429
452
10
53913
62517
274
62
50
74
5896
60962
99
74
6747
164
78224
95
77254
6687
87
76
1066
39226
39125
948
3203
51654
93
8280
576
9205
58
166
5238
19027
675
4284
35592
950
14
93734
84
80
30908
3093
1309
8677
78021
909
381
54
96108
1699
52685
91
615
777
92587
76523
83214
87
88
96
45
14144
21
515
40515
453
53758
82255
6882
44
2549
473
66
428
424
2627
38031
87
57599
3369
2461
340
7064
9833
76
347
54
27131
2434
81
51
41
91
5046
671
12794
20929
2535
312
136
451
6778
5201
42
198
474
4714
5826
83
983
786
1893
118
6963
18
93
157
35695
34
830
65679
71145
507
462
130
8604
143
43
192
57308
989
32259
889
99930
6310
41097
12
99671
963
5402
878
7039
67473
451
37
495
28073
84
588
9059
8622
223
2768
58
65
84
838
68514
84
35955
98
78164
12
449
8550
22
55301
135
422
4750
642
237
7252
71503
1243
20
22
73
96
3533
7682
68
6783
68096
48267
527
41290
99236
5269
6964
189
655
181
594
97
4567
89
4491
190
292
9090
46013
413
611
25
5956
23432
347
17
3338
51
315
6156
73
61113
7286
304
800
51118
48
69546
8868
633
41270
267
56
4350
90
49
5733
43
538
864
95613
3256
997
2454
6399
907
58043
38
7387
6859
8661
770
5276
191
70054
5580
519
43747
4066
44
94
3990
472
45
5362
4930
251
794
46
83216
17139
28943
349
41024
79
85259
99179
6641
5635
30
5588
82
665
8780
466
4817
9284
581
3989
434
7187
2325
6855
3585
8710
77
218
583
4961
38
3975
435
8167
809
27151
323
75
4963
8525
27
47487
52447
118
72
9413
71
31341
2447
5178
44
6929
662
7538
541
96
96872
349
3965
758
71
9592
44047
1397
45799
32202
9794
81
33
20
56094
184
66
494
100
82
42
9538
5523
43
660
841
14908
127
89164
48
905
6168
85447
96
844
96147
1967
17
689
56
58
2624
17
19
9936
23831
6591
64
21
1329
277
661
4612
3763
21509
253
744
36
119
41
81327
24
948
75421
3674
27
7115
23196
71
549
84151
66
8151
80
1550
621
55
6695
440
4809
93
91
966
922
894
870
841
7159
4488
961
90
51
74
839
9696
11368
27
914
59
640
73732
5833
187
7311
56762
99
87
762
14
76784
97715
51
71153
792
379
73639
6006
19510
1580
3301
1355
33139
27054
91
815
992
674
18
7778
9028
6512
9916
21
69808
585
784
44
568
6464
11160
74
32118
8976
26741
47
90811
7855
65
653
885
696
32586
94741
214
5775
2850
209
38158
58155
273
80411
380
7085
255
6612
97096
181
57665
13934
42
932
727
322
4451
820
9962
11491
997
76
8572
28
738
2789
193
16071
76
851
319
754
7990
234
69
565
9590
5046
8309
986
3373
2583
1181
41
899
74
65
525
15820
799
39
8825
41393
17042
5085
67624
61
5462
6466
780
100
85
12121
63
98398
79239
911
1835
12
547
53031
93560
36
3341
4171
20
8546
24
1344
607
908
8463
39
833
26959
2507
9564
811
8114
4045
76
3777
88
232
92
73
39
577
60
1037
27
59748
29
776
33140
96675
4906
96
51
306
553
4267
8278
48
48
35545
94
7070
655
7033
126
6928
84
11
78992
398
8297
23518
2537
31
686
99
4943
86975
80285
445
131
81797
50
923
6873
38
93285
5132
29
478
42
344
22
5320
41
250
962
87
14
66
976
8774
33
992
6485
78
76239
5823
336
38955
239
255
8867
7499
71090
70602
40475
80075
8152
92
2773
72932
394
110
65
81
17384
4304
35804
8396
7970
959
60
622
969
96
25265
34
933
360
395
1283
847
434
120
654
1688
46
47
34
289
58092
74879
81455
22899
551
73418
75
64
2592
335
761
8007
334
778
9427
6896
81
56
4149
93280
2032
8983
354
623
46
44620
81
39
34818
34690
1080
40
608
3722
4247
46
14
100
95072
808
7968
90390
1650
6490
330
94614
70544
73375
68
65
360
73
3931
88
6714
3733
5184
19
285
353
440
21472
86299
45447
7353
9384
37775
803
95
954
3654
505
58
1622
301
913
636
30511
53
10596
58
30699
7208
814
94566
972
54282
84
438
4175
81750
321
53
574
53
2050
29
979
934
44375
57
5917
362
59
93
46974
7418
86881
7736
2573
3286
48223
871
94642
5894
39
396
89
1439
22
35551
77
58528
59
606
22218
39
82
46
9601
55
888
7445
44
76342
77
63
9256
7914
62926
32
4520
390
81183
2718
7188
715
93907
891
425
1261
83927
89127
71831
925
7974
755
731
631
42
518
8775
99013
26878
56
29
14158
28467
1821
4316
63
5111
926
75
77
17
27348
600
44
60
869
9560
7216
927
8614
4246
3735
86924
181
5528
25185
155
811
9721
636
51
22380
5571
99
6336
20227
40
33011
48
60
95394
125
3016
69
61
79818
10
667
18064
56
283
91745
88770
776
47
7888
909
824
99
22
5421
67212
7671
276
51
98843
2523
75482
926
61388
11
8651
80
312
28
17
932
94526
100
2188
788
9750
227
53640
887
6409
6450
512
54568
6746
7970
21897
5995
15
339
237
8471
8830
17
684
4951
3410
53
68839
4829
411
79047
2013
2520
1874
2778
6540
9300
4034
47
28
505
470
99433
18961
448
927
71
92
2871
1240
196
365
6321
1454
4627
989
64
8000
39
560
4426
583
34154
50
323
27674
7340
53826
31
32818
89
349
8474
43366
35893
12
957
38
841
74197
154
9776
4218
100
441
825
257
635
6625
303
7501
3161
64
46298
330
540
61276
75
89769
45
64260
5917
86837
58972
587
6877
55
18
18
25856
50
12
529
5542
998
88
191
1362
9335
5636
330
50
5872
102
20767
5508
313
42
65
60
251
1493
7213
4388
8380
62
410
51691
1396
21
2295
8470
96508
470
63797
51
82886
59
87
3066
3575
72035
76460
99
4483
641
797
8134
704
5066
7987
2623
153
31
426
139
51236
701
99
8441
84140
55
95605
74
13
530
42
73
64045
6584
5372
87809
93818
764
6735
385
6276
70269
8255
307
62
65435
738
97697
640
883
796
39488
5649
758
2924
937
96044
7368
99189
30501
4183
80
4117
99
7021
9911
50462
967
87
685
3192
88
19208
8491
64510
962
85101
41814
13
4768
454
428
701
9216
1287
61
335
690
46
343
85
82
675
58659
89007
84270
35
53288
279
7868
433
8627
25
58342
77802
333
2788
14007
671
93304
929
403
1411
89
32884
93
71
6913
21141
26525
9256
4741
9285
36
436
49179
151
49243
9054
941
55216
80
578
37242
57
52
21
31493
80115
8512
22851
770
15
99
44
38
62546
139
34458
58
2939
950
42089
77822
6216
70
773
84104
586
1748
7325
3940
296
89
25
25
758
7152
6221
8074
3377
2107
74738
461
324
14919
958
22624
39
15053
70166
84929
6109
7970
52110
55
45535
392
176
5699
1614
5869
61898
3360
4222
43108
442
6933
33
289
87
3281
9381
9369
96319
43
8627
85
88
1858
59
67
72
30255
335
734
881
307
950
1349
8803
80104
7054
182
88733
12511
82
32
8291
384
55
26
699
6848
414
95
37
913
5123
2819
127
9291
81366
2268
6639
86
67
10764
50451
84
32
795
83481
41934
8282
21825
8180
977
26915
43930
52
3768
56088
18831
89
492
83
64
8656
22724
413
1156
21
72
6539
163
77
27465
4173
81587
60
450
302
270
23245
681
538
29
40
2665
18195
74
5732
79
53749
65
884
3135
47765
438
57
249
5033
15
72677
71604
660
56
8120
35569
319
5917
57770
40488
93
8516
9508
27384
92
22
331
7368
21
63272
25
12288
13013
83
5344
26926
20
543
7246
100
49166
35
77
65814
11
4883
88622
51630
22
25
96319
638
54224
68
715
760
9102
21
151
69
49
11
48683
51292
60415
83037
57
9885
3439
5495
23
59074
91
35848
30656
4267
91483
113
551
4680
7230
7657
362
45
31
71
603
471
87
242
38177
75
10
6918
2694
230
67
21
2663
63821
1706
9205
282
554
63
20
969
28908
201
1738
64
41
60409
42
71183
8004
350
5407
3332
457
298
33
47
706
2490
9361
777
3033
198
80
61
86147
94403
61870
21362
7490
595
60
424
49
7594
898
63688
5641
41
233
508
42
726
100
629
43585
97
3272
19
2509
18
806
77496
32569
57909
30
4728
4114
76
93
43
7635
6917
84477
70
71
6672
5832
64250
950
986
285
75
65246
480
5906
982
2877
64
25
90
8666
96
42
5890
30666
96
35070
73
81
180
465
45680
87792
745
56
71448
24071
42484
90372
874
28396
23
8388
42
9437
883
16
4089
15507
9839
72331
5135
79
850
48069
89437
920
6233
9703
89087
4763
141
546
9619
220
48718
2669
3973
93359
42476
901
75347
41
65
9797
61
2237
9677
4924
67839
4057
58638
63
23139
73794
66
99
70907
5750
511
96
11
4941
6965
619
170
59
29894
68510
46
735
136
41682
60
3342
31422
11860
1016
408
710
36095
31
15782
72145
529
786
7981
75
63
24
17
8679
963
39
98
8558
51181
700
244
748
4349
3327
39925
4734
967
881
33
554
241
37808
91882
5958
55
93137
3550
5631
7646
497
1120
56
51
442
63
8163
15
15
22745
5897
58
54
6132
1400
72502
249
9522
614
85
72
85
34
529
63866
30659
671
45
869
60
933
8817
86921
714
65895
66
84568
9654
43039
960
673
37180
85
735
6110
74058
4313
5095
9629
656
6611
268
1897
30749
39829
563
34476
843
9021
190
53
467
54
43
4242
58
6633
8159
53906
49631
4113
80691
108
223
1185
2982
8234
78
90
45
27
91715
3722
8111
56
387
56
86414
81
45
418
7660
66360
46
9517
461
477
91142
538
34942
55
51
9880
93
36426
42501
304
9226
37
30
4114
656
23
51
39576
8389
39645
5653
61
5995
636
195
85
73419
1517
7378
3881
71
33664
2759
998
6374
61
96513
7280
69
59240
84730
55
7835
9275
45
525
23
72198
575
84399
73031
661
2705
25404
11777
88
681
5515
43
3838
23
7843
99356
70055
62
72476
25137
96946
15585
860
66567
76
28
88233
5931
55
64627
1643
776
24
42971
38
366
89
91
219
7667
6314
222
219
185
329
46320
90
2419
3966
26930
69
50
8376
563
284
6546
72
475
593
4034
1310
53750
5461
97
37243
63095
6064
269
47528
5604
663
86
43
4937
827
33029
6387
920
1655
8800
14
89234
40
23
80163
567
681
308
53
5206
916
92
8182
467
80
21809
3363
80
322
40256
33
702
34
9093
8064
49
53592
619
76
829
76
65
61
515
98
794
154
545
3816
1204
38
11
841
353
62
89
878
36
5377
62248
56
7372
83426
64797
9274
79617
2768
72102
55
589
74830
22812
95409
47184
69825
5256
947
601
642
72217
315
29148
5880
6214
81577
9092
79
51
1137
56
8361
15
66761
6830
418
62
25
293
873
78
22164
6963
30491
11730
3790
1147
830
7058
62
950
34329
40509
23230
482
9431
570
84
37
61
72531
44241
67
30
9651
7212
448
42
884
20
60
26
7938
77
88
90767
309
665
75
2576
5709
9322
7077
5021
7884
6491
44
7614
53
29
50
318
5737
3784
7363
51
5512
28
33609
8944
771
32
28920
852
64039
65870
32748
100
4815
9164
274
93037
20
4855
14
877
25894
66
480
9739
3514
422
6628
244
396
30
54
6982
9734
942
280
4634
92310
87
49
12
924
791
427
79
246
69
32
12
420
370
102
7989
299
116
123
739
80
57
23764
2465
35
839
67654
36
378
767
268
6722
8677
16
10
475
35002
99
50
5918
483
450
6783
37
18121
1099
381
729
948
98
10423
5068
268
275
612
1849
62911
9775
5861
24959
65
263
914
23
85
1843
723
8491
8689
374
53398
93
72
7951
49018
4439
62
15246
26145
73
49
94168
4779
7836
773
56098
1544
9876
6053
28
513
85
4511
18749
73711
1460
32090
166
2110
6496
510
755
73
939
42382
936
3438
5401
860
209
8479
309
544
24
139
85071
71315
868
62876
28544
447
92492
768
22765
148
991
13
353
52
5539
417
35
43
2814
841
286
66
4227
252
987
767
964
81
9752
66673
5808
42
359
27
60
11137
7724
27267
217
6489
169
531
97199
711
25
79
6979
3222
1601
541
85996
30157
5660
153
626
425
57
51092
81967
7063
48
9471
952
39434
97698
6921
38147
55254
1251
10
10
9338
9557
845
6639
678
4520
7924
95
834
47705
17891
97659
88989
87924
40
976
377
3435
6087
6641
7887
6316
228
34367
45
563
3414
132
4571
9408
39
670
33
355
99
84
724
153
4459
92176
42350
44
54
67553
11695
4747
125
87346
57423
260
935
3680
92
54454
357
9340
1153
391
20
353
640
685
75727
30
83637
85
165
63426
8040
28
985
28776
88
8687
92522
11870
68
45
929
75
44
461
18
17
89181
175
750
743
6868
3846
822
9164
25506
24
670
871
8232
61300
226
830
350
697
27
65
85
85
472
6240
10529
4327
270
3629
522
98
112
86418
59
54853
388
6617
18
58
507
41
359
60029
13
82
9670
642
99
259
102
6155
4790
1207
899
23325
57717
7005
206
722
387
161
43501
44
7856
553
429
6265
96
7243
70
742
41
77
74850
19
42
9336
98
43151
661
17344
3191
63178
76
829
82
69
92
33882
66
22639
1764
973
438
17221
8025
7385
67858
64
65299
84
909
955
17
8322
557
74562
1756
7802
43
9770
8283
82
2620
122
300
60549
4167
4678
7968
916
523
63769
134
20
6651
1520
95533
732
2863
490
12
770
4747
57
501
56284
35
31386
38
92918
158
3411
9551
39219
18932
228
23196
18
427
3503
863
609
28
72849
157
1460
5394
14451
38
97997
63
68
16
55370
54028
1013
128
41293
174
852
508
19898
37358
29
51559
1772
35699
35
875
5707
21
9941
816
45
2744
780
8144
205
1565
20
26
71
13521
25
69
63
3733
18280
2429
1520
87137
3128
6070
970
5973
12
22
7350
4126
34
94
69516
730
914
165
970
154
2612
439
887
3541
13069
34552
52
994
5100
760
91
59
3980
16259
54457
682
6578
23
1122
23
73960
17
474
62
52
71774
15
63
52
63
69896
43803
77
8169
41
468
439
190
41
86128
623
886
96
5806
13
93
527
407
260
32
59
963
795
56872
42679
68
863
10705
1795
16
958
17200
97
11588
2089
4310
731
13
29
77
80985
7987
865
80787
6613
1303
69005
461
69
23603
14
39641
7880
312
31152
27251
368
78
6537
45514
19158
707
14
40717
536
966
8074
969
818
40
69
521
116
9584
4225
797
87930
30293
85
823
55133
13
555
2250
16
7796
805
798
36
3926
407
493
80
536
13880
77117
60208
96
483
73
60745
15549
9655
82404
304
95
7405
10
2969
273
908
16
1020
2952
972
16338
60513
64425
90866
4149
50239
6832
985
61
466
35479
648
4322
10707
645
7328
9102
9106
77328
45
58333
857
85
82
1039
2467
12809
73
74
861
54
892
5731
237
6373
5941
36
8920
62
25
43046
76
7609
3856
17542
64
61
83
3603
45069
29
736
2009
4373
980
333
39
11132
6401
21
5114
7783
774
611
1277
457
754
117
77
8584
85144
3141
64877
88278
13
956
5542
97
6094
4214
2494
74
80
65359
39
71
5108
9828
74
54
9228
633
198
7610
5159
14
3106
55
86
2867
3446
33163
790
711
4426
1081
94
48141
929
61
4745
892
859
56
93
63841
90546
755
297
910
719
55
73
12160
739
234
2325
46
8516
88
29
514
7271
38
12
1307
1240
92516
70114
123
734
57
77031
588
226
858
8546
1941
4341
2592
84453
9416
28
971
58301
587
1105
39336
38
37
7099
15
42406
716
152
1974
79052
93677
634
727
78865
27
379
50510
8076
5072
799
1299
3711
7262
156
57514
8303
4219
338
21218
7903
196
59
3853
90
7176
1348
4765
40
1762
5530
923
68642
80627
55462
9297
385
203
162
89
7598
204
564
91
236
547
8529
85
63
24
7561
537
982
73
1160
22
2536
275
77
26
36
814
55
711
2316
8146
815
1090
83
2875
4251
68901
67
5995
7106
60033
1218
922
377
576
133
601
32091
74642
93520
62
3634
1866
3193
985
71
571
6005
506
2350
3186
1164
2490
9646
46
79612
62
60459
66
825
14
60317
918
839
30257
825
9610
46
552
270
443
40
165
60
23984
401
70
588
630
67286
38
2446
6487
23
1717
6137
140
5449
50568
69
975
46395
92556
8498
37412
63
2338
75
59366
5344
65
90
25482
34706
4458
279
36503
95141
86116
4558
1587
89183
605
6368
8826
93
91
964
9357
70
443
542
620
8403
25
26028
3575
92
57
241
95410
75615
221
67406
7642
71
79299
68614
24700
366
569
46816
11
22
2292
65
20
73008
6833
1353
431
3985
535
49366
769
16
97042
102
6568
91
67
256
4490
24231
9605
7899
10476
41759
32
98
681
2104
58472
26152
66379
338
27
71
9635
9901
485
18
7431
364
83943
4734
75
826
8969
58305
37
65460
79
3059
4203
99
1534
7313
338
74
25
72
17
613
2698
772
1056
18788
5646
932
52137
855
2958
423
38775
64942
19
397
9863
82
17051
9177
59
45
129
28772
33
43
741
56363
6480
17878
3670
34
246
185
2591
563
46370
583
35815
42936
98
38977
4553
485
50285
954
3589
53719
497
473
60983
894
492
63
19
35170
3099
70792
16
801
10
20
6738
50
349
51
22
75
118
89
77
67
9778
27
405
18923
14747
88645
69
35
60891
94
5673
79421
4061
9204
96236
647
17659
390
86553
5015
5671
6258
127
86
5427
40224
3176
9996
98572
69229
611
190
6987
35
7800
557
717
51644
84
51769
783
17421
443
2837
18215
48
50856
126
634
9241
3023
86
100
520
48
506
96
64
5698
59219
36
37340
80
135
40535
11
8777
381
4786
145
41487
26
36
5940
36035
601
6515
1540
21
7975
2659
27
6312
4021
30360
7301
26811
645
58
13
317
39
464
41
25191
17
5901
79505
42
3757
9695
33
415
266
4742
9191
29
748
58010
30
25
47927
20
70027
44
541
2714
16
29444
24
8604
4924
7346
836
76996
18
7649
746
1380
9506
873
77051
892
690
453
2686
726
824
1632
85
968
30060
410
8660
81358
705
37460
94206
69785
92209
3736
1062
2154
848
211
33443
845
5022
5364
21525
83878
83
987
2259
99
7374
120
35014
8638
411
68385
95
56
69007
7671
3595
85176
5606
40
92
5660
95
722
665
90
179
94
279
40
335
7646
66800
15067
9889
1249
809
52703
15704
79432
1862
531
98
80
68
333
99
64
849
181
15519
662
361
548
377
85
19
93363
8303
949
54158
91273
82
46384
1550
5934
375
283
7066
7726
978
37
98
187
63
86566
6657
66246
6693
49507
2264
934
23
84610
5264
7127
61692
8197
5570
26
2727
72135
90925
7139
545
27436
2180
1041
84
86
894
26033
2529
17
3541
56
3481
4573
80152
491
56107
78
69248
3556
42219
12351
8900
6625
63
499
95
67925
54903
728
45
49844
29428
75273
90
6540
64
71958
9926
12434
2989
4507
43
20
2751
69
2221
1565
20
11
880
6095
628
52
54
958
2492
14
60
69484
161
62415
85335
933
46939
4521
74050
375
26419
176
33
14
83230
64
28
23
67
126
8998
6760
47
3866
86471
69
6274
384
58
68
72
6041
10917
53
309
25
901
521
542
75
2478
9386
704
37
103
291
467
242
23407
12541
1020
94
669
38950
52
438
92016
2070
48740
25
16335
54
46527
562
4812
61
3580
85019
6792
8441
89
74
176
20
59
53
32
16
1123
2064
30
881
94600
262
54353
61
941
6533
923
174
563
15
8657
92
360
1857
78
54
42
673
931
64
60
70
34075
1213
634
1127
12
242
26831
43178
81575
36
26
58180
2831
699
54
6235
5324
6110
3165
392
70
895
64
3359
59996
688
21
3658
8428
1959
17
73
28186
57
384
563
19422
47
64074
2997
373
708
568
234
97620
81350
70297
21
72
137
945
6920
54028
7553
197
984
42347
60
14220
5635
28
9612
191
3587
214
8429
412
39
92827
61
131
267
231
271
9254
86622
2431
66875
542
47721
3307
307
39
9800
967
74480
348
69
70
668
18
556
622
97854
33777
749
48619
98
50
95806
67
83359
78
782
56593
66512
2613
41
19
49478
59
6323
11859
36
91
175
71
18632
3397
6708
987
96
16
5707
66
97
80
488
56
30
19
51
44785
63
65
66
786
225
43502
23270
107
61
84980
7998
205
7575
8816
81
454
5517
73
823
90
89385
12131
62583
77
68262
61092
1508
59
836
97789
30
64
669
59
670
2602
73429
53
44
21656
50820
142
98477
6344
51
98807
4570
8707
27
931
22
87
84
5931
89683